-0.467847053974168
0.496582231842933
-0.232931075941754
-2.39379008986869
0.72308293835951
-1.36841844954132
-1.26271213254069
0.42563482256521
-0.242978612815322
-0.779380476603524
-1.57963261883394
-0.622309834401157
-2.18726940214806
0.354741823221035
-0.0753271832337699
-1.30568519773958
-0.19739404136363
3.21521129528549
1.01389862202071
2.03409876861206
4.21430846619439
4.1235552319175
4.84639575978174
5.71790261352741
6.26307720299343
6.71626371644213
5.1375201391961
4.90958270307251
2.49469385948818
2.46288303146116
0.270836562375397
1.13118684844554
-1.17512011965286
-0.454400370797776
-0.506108776868427
1.80369268603739
-1.01274818275146
-1.24028918439753
0.266564991771165
-1.20775229087487
-1.05007241226139
0.468665814359188
0.282900007823541
1.34119715607637
0.380597442103914
1.4354306090863
0.799587872157398
1.62856053724957
0.129106843700376
-2.08476392237337
-0.647114481656616
-0.251732208288183
0.190216426474403
-0.467542343214334
0.530739593810393
0.244655812903076
1.94642854528618
-1.27705422974603
0.00745750914152458
-0.363455466545683
1.26683595798921
0.538037342717262
0.806824634083061
-0.111471424402001
0.912892209406183
1.5246317487839
-0.692365058403062
10
0.0703938361844816
-0.688466819235238
1.23090169522385
-0.274558939377902
-1.10359934063451
0.0811956704137945
-0.785749735232226
-1.46355138717648
0.396845098991474
-0.56428698943452
0.378161621966822
1.17049169873215
-0.0458117591612714
-0.635060982201127
0.331383325805432
0.882187786926488
0.418544443691296
-0.0405484150296076
-0.0701435750955495
-1.01465244349844
-0.133746725398224
-0.0408004433878832
0.602768391686645
0.782260525250995
0.214638622073737
-0.809779244829179
-1.3852612101236
0.0908741358049955
-0.214022025945904
0.150868228513818
-2.3554182320535
0.62013810661777
0.310621765994095
-0.0907803989291917
-0.396923232421456
0.594676709975224
0.220193191623653
-0.716505120011479
0.0117419618171232
-0.955004203865266
-0.778342753847607
1.52876054000822
-1.86834690727352
-1.22095456464583
2.650157539766
0.0949251648919078
0.39623363392851
1.35753675294859
-1.94114651212169
1.7605880576172
1.06024033124182
-1.0467912175975
-0.272025959648583
0.436866575266409
-0.865786495587511
-0.640020499306357
-0.519275246119911
-0.148482300972908
-0.650864286664422
0.599673241725731
