0.0940939305074536
1.38123515083121
-0.754827866709901
0.96751739733056
0.538956675754634
0.643089921063575
-0.0911864331584433
-0.0826895370594471
-1.33511267738392
1.17328005822681
-0.190139591015834
0.395668885809358
0.744715394339653
-0.250633039843382
0.165380016590535
-0.435298214583977
1.17081895487129
-0.909180686155035
1.30144916626212
9
1.47522607443786
0.286687241630274
1.44616922955198
-0.0600032402171909
-0.15847040881966
-0.424837042803484
0.454721192972662
-0.4148256710471
-0.058554341084603
-0.253157621777754
-0.213196899050938
-2.12709626427085
-0.235532974041384
-1.70819955074015
0.322262712037308
0.739866531860486
-0.697405044623323
0.691704222182721
0.427894860369862
0.0123900144443441
1.75592620629207
0.771681618809493
-0.0311252115019431
0.701268257130514
0.649842831847737
1.68432845319875
-1.38980550981188
1.00719760511405
0.994442305793468
0.731505566101661
0.945675225299319
2.84647031422578
4.74091206763549
6.05390683492155
6.61774153903912
5.3280570682618
4.60546603520177
4.41256617682663
3.43536011595712
2.83783072124357
-1.10743077958433
-0.929290061018696
0.286132374867237
1.0512520709578
-0.895748409008844
-0.290061014857731
-0.455895623501948
-0.0673044567007375
-0.45279376863582
0.757511737833206
-1.55020707787622
2.02126460331511
-1.36371320552333
1.00877504208862
1.15742965942023
-0.166568098589962
0.179935410475327
-0.44885170244739
0.785084034858618
0.320491796870383
0.230958841884748
0.859752451520595
-0.0849050813084799
1.20149281336828
-0.0233274755624389
0.693584604486866
0.076698938853898
0.515026768712451
0.181142785265375
0.588816740943223
-0.419603899960187
1.19830788879063
-0.337666712720142
0.36771543806078
-1.13580487451785
1.38062979589098
0.846110337023917
-0.299862687546793
-0.886344521891101
-0.37772478762668
0.382010046019625
0.429051463711104
0.675127674494214
-0.551451619563213
0.0416375477317522
-0.167633325090293
-0.615905591466678
0.836755147035712
0.360159162962212
-0.33964666912064
-0.398863611944826
-0.0281310957801481
-0.695221275739044
-0.893981662106172
-0.0702309054685428
-0.394288090442357
-0.291554401395313
0.447337901625709
1.75418262250276
-0.815755478983618
1.87132912497854
0.134560126098517
-0.676434687496309
0.649470025028135
0.392162331810489
-0.541531151645406
0.126580782820917
-1.43360013130047
