-2.56110885712968
0.304150527982441
-1.08325016040503
0.634799767096895
0.602914965594665
1.01821648915762
0.646056201229077
0.771434893017953
-0.277830985855846
2.24075152300168
0.267794325149147
0.399586045754727
1.31947407498273
-1.04338177367873
3.03153128676634
-1.21610322275469
1.42696805953897
1.33549138523363
-0.667638020677635
-1.97151647264772
-0.913856140442743
0.160035957068418
0.464759669221791
0.315802826603575
-0.470793147826341
-0.058318962212903
1.78993101317942
0.429518965535442
-0.210909061576165
0.0187987010978234
0.95701152218343
-0.317524956456203
0.836741166356971
-0.803088427259742
-0.710928063812717
-0.800691625369644
-1.81628071346574
1.42904837837663
1.23929396760332
-0.684904599470593
0.52727556507711
1.35469544835408
-0.855184353952521
-0.97828386523177
-0.414366464156168
0.976281819927313
0.286227472642526
-0.160051271336772
1.10144116291089
-1.09652918725823
-1.04861526035126
0.0188387246858369
0.372818700464659
0.313781543293277
-0.944090201438732
-0.409120365154999
-0.254436544446181
0.18957986313521
0.15220577229698
0.21972716416052
-0.746043315166915
0.562041450976744
1.04971225950855
-0.198794878876675
-0.344349208824594
0.504847650141517
-0.826979955606459
1.73855094722681
-0.787586762397552
0.0223503414730688
-0.783409756212793
-0.449150616611177
-0.155957751012345
1.02232265879053
-0.410109657116414
-0.0321492939119961
-0.160948710969284
1.20001966728388
-2.01056314940377
0.56477182112653
0.0777952478003357
-1.17975505882172
0.819552179741687
1.56228761179566
2.57688680331852
4.35393174855239
4.8516645990486
6.33607033554934
7.66294072777145
6.34088093318578
4.71582151216614
3.02962189967608
4.44592591319983
1.25389083794102
1.8396696089364
1.13350786199345
0.675975313342624
0.389896027500289
-0.568659496206072
0.769344643393044
-0.114945924761806
0.0197087841501568
-0.0324181217778861
-0.452647404068057
-1.19105694510244
-0.418523506974448
1.23770889544282
2.00425013255466
-0.0399778414435044
0.633141605985489
0.433266100298213
-1.65425284103129
0.188184231897974
-0.911848281275914
-1.59161179645781
-0.701184278690483
1.68131314886319
0.0912187577322091
-1.07438354916023
0.716169313858219
0.491695156869733
-0.309466184989603
0.559337863229137
-0.284337986884396
-1.27458154470393
-1.25788540050743
-0.136600005637139
-0.958358191690428
